/root/catkin_ws/001960.png 2 0.986968 93 198 246 256
/root/catkin_ws/001960.png 2 0.978904 1146 143 1226 221
/root/catkin_ws/001960.png 2 0.95257 396 184 423 206
/root/catkin_ws/001960.png 2 0.920588 567 176 595 198
/root/catkin_ws/001960.png 2 0.916042 513 184 562 222
/root/catkin_ws/001960.png 2 0.880297 428 180 449 199
/root/catkin_ws/001960.png 2 0.750758 375 187 404 210
/root/catkin_ws/001960.png 2 0.634543 361 189 388 214
/root/catkin_ws/001960.png 2 0.591677 318 186 363 225
/root/catkin_ws/001960.png 2 0.429304 417 182 439 201
/root/catkin_ws/001960.png 2 0.350506 467 159 499 193
/root/catkin_ws/001960.png 2 0.31087 235 172 328 246
